run_hash
b032995d76481b29192604334fa3080e42f51404b9c5d298c1cc21881d63b671
9bda4788f4799ac3c75654d63438bb7dab34e8b456337ece7f95a79356246930
ff5a8102033b49286714479b4554450f4d1657dd77ccdf3e52a062398f0d5eca
b8fb2f48eb78be40a94174654ed9e7df987eea6244e062a3230ca89789ba67e8
e90b685afd30fa0549e7c8ac084af66dd6364ee1347681d5ab6cb950b0ca47a2
50c17ca8e12dc3cbaa745cff2809fd426df240c442c38aee1363a45b8dd0aff2
69842d3037fcdfcf6099f11a5345d31287eb5f70012c411ce185ec01b6f51395
9edbc655ee3a1cebd71ef8cb3b7fd44e84aa41988ab0ab1f508079030738bfe0
938c9cb2acb4898cdef1360271ed40e845ea1082b0660ad071600466f49b7ec7
e07236ca0faff64a3ddc4e89d271dc2e9bc28d592aff5559d920a82c96ccdbb1
de0043980a4e00a24b9d382fa694062e1c5380fa67bbed3b2934705ffce7685a
cf4169712b45b0116bb360ea13868b987ca84dc4e934e23db2a74c7d2d3b5e39
3f7b2f7b947a29c896c2bb708d97be032a0910374760c63c71d79dcd4bd2ba58
6a7988dcfa9838228d32018676aaf9e785927b1822271f610fb2d27737456c2f
41fcbd91f1365692eed519edd5590ac93e9dc8d4471aec0f86f245078afdc70c
f6f38e9dbd7dfb718e7e3be62d21d15005b1e279005b74a77f3316774b4cae68
279f25d65bb3828b746badcd802a6e2b9fdda402cbeea82b4a2c33e0978ebe7d
affa83a773597578a2fdee4ba87fbc0e6a6578c4bbb275820bd995bc1b5c781a
6a5eec30361251e6264686a4f8fd853845250ab9d0c0966cc5db37e3c0f0d208
11300a2b9a4cd9a846847b463f861d82191cb75b9fb0f95d4cac37b14d91f6e1
5e0839df37798c1c1c37f73625b7e01978e4ee8f75768e11f669996e891405e2
d5f7a8977187de6743fcd947956aa199ad2fcf57798476d3ecfdd59ef4cd639f
42844aa06da7075b69da45e00bf78c6b1940501df165acc9a8c0bf3e5e57d10c
c4c593da89f1b7c6c374f594656797cdef8fada606208fb4b803dabd85e7b628
66cf8265f61a2fae043a3cdc146efc02ce3e48b8aa1f7c544948708dc6e77ca7
7e035314d8e80c4cb300e04fc066453f9067b9905b367aec2e5167838894ac86
4362b8fbc27f1719b9456b632db6f8a4cefaa27b5fcb6fb5cd9d3021bb0b5396
c3a3aa094fbb33fbb00d729e08e2ded8999d6562664575ed0938614ca2ce557a
820200ff7b61b675988f402a23bdada11974414ffc727aa559c70aa6cab62720
11c2685460c12aa6cca71cffd19d3eb6e2726631480e84f4564fb10d922f1bdb
777961b6785322592d6f70084ae69ee77ecfe9269ecde8d4dd494c75e4b7d565
ee2aba349914a34976e79c0e0d818e63496fdf9defda421a0c376656a671b574
6fb3672414332160e6cdda8a8096b5a40321c97bc832c101083c5f9461bc66e7
ef037d547036039df5bc9f32127d159fe69a31925295a10e9c4f5daaddc6f9f1
5cc370b04a3cb541922d2cd269e0c4e7c2406d1a335ec9cd91210af6718b6e71
6e47c7dc1b9fcb47f91affb14f15b3ea2777a7219bba8e104654bb2dfa101381
f6127291b1d3a32d915a8f80c00bc111f16e93c143a4e5d7b25120b6fb0d52d3
9ce0cb92f74da24d82f8d0963021f553392ad7f9f68aff27f9d8546a2875be6c
b15c0ac34f61f7e52a5556cc8ec46542c38c5630cc1ba6413dc1733cb5869808
2041fdd9507dc8f8af0e8f37f9559dbad747968b837b1cb1a3a1da81618b9222
a217795d28eea0df5f105ea2be6b63b043c809ce06e27d66e5d68e14d7e10bc9
14d63a817f51a36c616c885d5be29610da3cfccffabaa269dfec738a2a652066
3d2824f20ba448d9853de10810aee16854622fb09f4f8e56e03baf73f2052abe
f8e2575e958e548f58e5c4f3a01ad72be4242b0af43c3bc87a5df7b7bdda4c92
a7a8c44255a2022c7ac094498e7f3def3baebb228447d920174f70620288961a
7420bd721e1463f6072a2e881b31ed8732987662308bd15953ab062b3a8db3cb
88b2488bbfc5c6f7317ad3b286c24fd921f48866414ab3861524c23be7759505
1eca8c137b342f0c6dca822228618c09f1849c2263dc01a738815dd1180e7e4a
652400a6175f605520360d62b392c8125f8b97cec443fd52dad29c1ae0dfb09e
a67b736ad59fe9a1d11bca058d9a78c64bd1b74a08a1983f05fcaec09f1b7582
a34b60dd55a2881acd63ffca0cc8935c4838b881e10ad75f13e0c2c4759faf79
812a9f9897f42ca0cc56e5e166ba5b6f5a87b5a35a7347a3db9c84b92ebf0ad0
fc63ed0a362bf784993b0dc1c08da581f99e2c601a8b68e42151f03cf308ddb0
faf56e252ac85ea71463148f930348fa72555dd69711a9eff37e8ef62906532a
1149dafecd308f1ca48dd5f366f16ced5605a48572c3221052575d6681f70692
9bc945aba6a42199fd86d59c9cc17c44babdcb84f5a80bc398a09568f8526422
6cd0840b329e76a52554e10bf7e12aa590291b3719dd0594e01cf64209ad8969
faa8914bf5f1af333e2aabd0e5682e980141213ebeee510abab35674e9479ae9
690553a29a58ccbb4cfa01dfc37c6e2cf0c99e9a0946d208d384a45ee49f68c5
b4d24c24816b765e7052f1514b0fe22dd34dab98c6324d5bbc0b7b1e34ac2a99
93a810c1c5fd798b0c06936baa1e1cb726416018abcc4293c38bba5439ce9cf2
8ac74c363d818509ccb82ccbf83c6e2a427abc3afef6902ae300079e72cc8650
6bcbf71204376aaf6f5dae0fd7a754a1e9ce2f55a313ca18cecdef67801030a6
17b3aef66c686a7747400d676dee50e144b4f44a6e26e1652fc21351b01297c2
c10ca5481bbf3975868d747c0053a089de15804579453420a034d7cdf6f4386a
8d0100f252141471f6c8d4d626392be23db4851a49f69c0f979836105592d577
9979f7b64dc65e9733dcd0448fc101a5cfb88e54b45616a80357f5359d027774
c490baeca87a5167c839c72bcddab3eb91cb731235624394d0b75f0e2e4e6b1c
f00c66d45dba873dc71ca20074dcb8955171343df9d382c681fac8cd3915b359
3d1ca7c15e3947b8e0fad80ce740065983a42205631b33387e1cc4cf79b8c17a
ea43f7ba1283622caa390dbcd3f6bda0b302e8550006dc58a843f6397f31d8c0
47dc22ede5c405695ee2acfb74942a11bf460d744e376b650f65669fc45f58aa
099c9682ee6450661ff02380f04e96cf883c4c65c6ec7470d40df2fad196c053
9a99124c0007a34d302e6da9fe86942679f12323cdead867444902c5466e7ec3
03e0bbe6d9d9e501040cd922dca73d29b4a5c4e56f0d7a5aedd235f1d07f1189
64a3e2b0f1e6c683db9efb21a0b33a04d8f2f8d8f4898f8899c15dc8b9aacde6
25d6e27b41b0f386b5b0423440b3337cda2c462ec8ded81baf4b6311ff2c7e65
a03f8f86f92023c2f6e21b7d18d5297c30a0845bf790464d0391e652e1cdabe6
eea3d02e1646f52522cff03ed80a7a4a9b37f663a9f4b6d79f4c100062b9498e
b03d5a1d634e10d86c8fb0079ec7031d76d840b5bb2c2b6290e87e794ddb60d4
8b84e270da2445650e1503c71d7fd480dc731461811a52090ca81a314e0f6e11
90e8ffe67dd908abd70311a8ca7a0d8415967130930a92be8bf9f8e2a50292f0
3f66220f5cc477db635c22a4b713543b9a4a4e76f717364098c818a5cc5f217a
fe030b594c5991db9eadc028035d9747b17677ab7f1e099e5fe6016dd62506be
0c24fe95f760639f1ba1c65fc2f7f5b3ecea92a2db44c668e973149c4e44f9ac
5575ef6d918d707a8a83e942bdce07c133d57915aed68073f858c7213e904fc9
001e349af585ecc3c459c6958966f0a92bda7203a043e8fe2b9fd8ffb6a6fdc8
01329bcce9b3d964687a0f36805ffe59fafcfd3dc13966cbb4c308c4fae2e774
4bd9e6bca7c0e9046a42f675010ab8252fc2af6ee29260908480590c6afc6bc1
3f4b9404dc68fcf868dbc4f424e785009e4c4023a0ee25210698d3e3715d62bb
ed7e7dfc64d1c5a64047b898bd41ab8e1ac9a727ff588a12cf3566c890c2fb6d
23b457d14f5a8fe3aeef777dbafa23be3640fda4854b3aa769621c3d90a24f59
930da2b673f47188e03de6634ffcbcaefd0f9fb105b0dc32740e95ee4f76e460
4f223d2e0317ffe09461e8387e5da8fbb850c418762a94a9cf757f0ba8fe68c5
ed2ab5836941acaf3523da9e948570d0e0c559123d4b6807d766de02bb14163f
d4c71f87eb00bed3402d99eafaa0332704bde2372e2402cfcbbb702547439483
c59035fd62b08a42b4ad9cba6c36924fea6238a4d5cebb1b889481dbc6c78af1
e7c9cc199a0ebdb07b2490ed34767c9aae1ea5e26d5de3b41d2acc6ecc43805a
70c4002ff4a27e8398860a950175649a897facb1bd25b45eeb3982db4a29ffbe
7d4cd17bb4c83039a4815685089b41daf4ee38650ae382d72350036fa4147538
7709d36fd9cebf10d640c6723ee5572d1e4525a7df3321a3865ba240146f6fb5
75396c495bc44a94e245edf5ca16c8521c949c59bd128d83fb6ddc95695e3da0
3a2f90493b99ae969b722beda072fcd7e26e1d9aced2b51f5fc49af1c52695d6
686e4e9a746b23e05895c128a02e9219a316f2d50ae86d4905b9a3f570c7ee19
3852c1ee17958fbb4d1a1a8934154bb9a10e448d8add5e257b0a064334d471a4
d00543f8ed45cf4e11f66ad9fb859e2baf5e0483c2ebb22cf0030673c79e3dfa
8d03f8a969ec47504e15a3af6fc65b772d49e83016f9f11f8c28b034d3decdc0
dc4edd3bb3aa84e4deb6e799d86c85419814de22e4346eb9f01018be2eafab37
111e25085265851baf8e68822a963d86bff3408d27b79d65b7fd608430d4d018
d9ac67c38ca4843abd301e95554195382fe6b6b5a301f9257501ae63d272f671
5ede67d77377cbd7bc5b75c099ea4a923f2b3faed4690671334e9ea5c0fd361b
24649054c722a26d8dc3e53603325e01d19e7a810dd701100d66520d54d20cd5
d6b029eca13b01c77f6a150477ace5b3a3a41d99cc734ab7623efa71c91e9bee
7dcdd3089bbddfc27282593fe40e3e64ee55bce8aa10f85205b85648e079a5a9
dc75ed582cb1e0c0dd9ef253563a33da2ac35a60a2e2cf45236e06d29aaab041
6f36770e16b4f2e5758a24af78896769b60369bb6846be96990e234d4a36ad96
33b5fa79a80afec24f3c5ad932df9b146aec75225da922cc40bcb4289aab3507
62f2f8a037bb4ac2ed00458169656413385943a0e8ee9e1b5b106088b24c6cbb
80a021ec19d1fd7ce20226233ada3eb0be3c84a9d164502c3ef6f54430d6b469
d4525fffb611efe808a0a9d2ab6959334675b64d02e710835a4de66fe777adbc
3ee396f86202c80db99fa7f3b1cdce1710a810a063480ff144705d30916c6b71
29c4bb58441135715cbca231d8379e012e9c20c227654c3f900fa2cf8c3eb642
d2fefc6ec0f2c75d187e8887d322516c67e0ecae3347d9a400a4e02d218ff833
8dc238c4ab431d7cab2b3f67bc66f5c30d80ad9efd5dfc3de07bd0b1b7e53e12
ff58374cb81580003ac03f3d12808cbddb73453cf9a253c98934471f1d40929c
17106354ba38f1255ff13c6912aba7789a0e2aca6598323068e53fa0c75328e0
8654a9d797433fe2d99c104079002318e3ba3baaabc0701f8324920be43c5ea7
f56bcdce77617031ed878df60599df12292e8a365bad906a559be6cc4c76200a
ab7b3983dcebb741e098b0995055580384942b9dd43ea0ca52ce01ddd54c698c
c9ffd2701d748ee1e92f16b6fe6e8d0934a6e3a91d9cbc8f3eb40ab87f791cf3
4aa803ebd37ae3c4ef9f497d96797654145e2e70d3b1bd41c61bc6e6e10e4674
14578f889a13887f5d17d650026218aa272aff91397da120de8b5ef0d24b5fb3
3224b84b0d578f4fe58fa8f4ccc71b32083ab546fa640ca96390f2b7997fedfe
863b728b9f8e0221b18132a06450fc18c8a7448ca963d7e3cd33046a83e4cc60
4e8cea647db4c1ef9133e0379e8144273cb420822f5553b6162c24e3109d6ff1
31f661fc6034e33ac16cec793d2d30c018bdca7d73b21740869f44f5659110ac
6158625916bfab3e4fb86747e4f6c4d744791efc0a9f1619e09ee09e073fc611
789d476de08efc526f27aa7da5b4ade938239bab8a44ebdd6e5bba41ad9ad74c
58da1b2fa6c31c223f79b03b359380931f7f7426ce770f15932b84e3752464bc
ce31e2379e15ae5d22352a98899a56488b7dde69bc328b386f763ab07c9f308d
8fe1456084cd9d382a0ed4688412081f8026a4c6f25f2a272529a2eaa6604662
92b6d2e4419b7131885f270efa0054d9e45a06b63a3440a13c42c94d6f9df0ae
01da4843edc2035ad0ce90f84644b5a17f7fb7e2e001e6a9ae85fc5fe39ba64d
0301387c1a8a791c3409998f9f1f9ac9cc4611c6ee1b2319ad73680dc1b59e21
8881b640094f08a4fcad4f79ac07306388abb8a903e6d14a9f56a54cb3d2ebb0
b191be8a623e052f8c5b75e319f5fa18298e83a317835c3c9fbbe209dc86b543
cb779e7fc5375e64d70515a85a1ae02f047dd7d43a7e4a6b2811aea3cdcd03f6
07fe3253b15f925ac2a4a7abf40fbfd3115d5667b65d0ef3b9235349183d51b7
908e7b088420c4b065b2c6928cb1c3e6f3af787af079efa0c9c37213a645f356
7ee9c35af16eae91298131e609799355e3b9e682d5d3db02c82093d71f1d1608
a0f0776e7bd0b66e14f7c938a108bffb78040a925fddc54e3ac0bc3078fed38e
0ba2a9988c55d5a19250499adc633eee230b8185b2c1f258830a90ec0f46f1b0
fdaa29e866c76cdde9e92790aa95692c7e0d099ebd6a3c1f467d78a5e1613da1
9a2acc012db9ee47ef5a708dcc26fbd93c2ce5fafbd8beb7917f391721c1f032
d37c6de74564dd94dd86b9085ccbc1c4728bb509aaae5bf9885ad13771032c41
74eeb22ce6282160a8a2dd7b0ed757da787949e87ec903453725388271eb2db9
c1b2db7a26ddbec61f51bab22b7d09ce5f4e2f34dd817c745bdb514945f654a3
64a651c8a1a2a06d6ec40e03d37a580c3729764163f9989e6e9b349c45ef5ecb
d24228f4d8c3d76c4e1742d6bcc5b0db239550d101f070e69adde7ce1845e776
d9f7f6da0a039fad46815188e03212ad3a4941c6702fe5aa1e9ace28b18a6257
bdf53707237cfa047ba28a800e5ce2ce154b4b3d683ab49d96ce40af19752da6
da2c2439ae3a7612ea91ec4e77e83d52b4fe26dc7947831acc2eb87cf10591b5
de83d8d8fd89a5beff9d7e6ad1172834191908926297a3bfa74aa69ff6b73f33
cc60c0f22266052bebd61d91d4938af720a54af644024539568cc21bc34e8746
554f27380430e504a87d1f9f1f2d9905e2bbd8ba484c07381d000a796e29410a
a0eb8c1fa23131d77b2231f08f8e92bb9ac0e7f7ac4e352f8f2e7c6c17ccdef8
9c5a7e16ddb975b7e9d90c9684d613e2c21e6266b7992ab0c9f32d46845b2eaf
e224ff2b9292138cab7ab6a2ad8b64fa033af98e9bf704ea341dd98d5a50dfae
80fbfb0b36e0226acab0572eb63d909957fed14c48a9c8628bfa2f44d3d5c1f5
556a279f0ca4a6a3d48ff226d10a67606f6b0dc902cf8231cae4412fcf110f07
d5c184cadee5be86cb862dd16e3872f2e67bd7044a089c41318ebb3b630c36a7
d507a958b4da8d0f28e4fdcaea9a1d3847f1d010f6870713e1b1fa2fb177fd80
0ed456f8909699a99bba48a2a41d9044f98f2984c7e07551dd7978e657aa56ab
89b0c6fd1ae1e52bdf9e2ccf87388746e7ae6d91bb0bbdad7e2a9f1bd30d7bd2
11593fadc87bf7dfe03e97d183cbb0c9a2efee463c42d9808ab89a9aa6c1dfcc
93761cd0179be10b0d0a68ab7b04ef7ed42f088837b0dbe1e6ea8d5189c7d018
8687d8123e4a1ca974b746872b6b6060f83321dfebedc08a741a53785638f389
0a3a56049331f45ed866acc4627c68b805932896aa8225a3fe6b397a5d6f5faf
ff5b59b202fdc17531c5e66fdaafabef1f5e5a727be2881d27623f4b12503cff
4425112c2560926f8dc4b63dbf7a6212f3b3a87c4b6540c7ae40fb63eba1d54f
080389eddd53999890c70e35a0bdd67630a86bc0eb32b3900ddc2369955e3a2b
a8858e5e38130a078f6e0fa64b9b9f903acd3ec0cf353337e25ebd20a747dd56
c87c4ef20685f258c623520fcdf6e082be329a56f1d665febd60d01e4b9d2002
042b95719b60a4b033daea5934f992a724edbfd9002012bbcd3be8b3ab22dfb6
70825f393be038b7ded695adfcb102284df30fc7ed05305c958686ab8999d0b8
d95373dba281215470987426f0c48922cc04327e8bade9cfe9f281b222ab6291
cc063a00524e807aab47340900b7845a0138de0a0eec13f9afa6190930adefa8
d61effd432f84b2f18d180e0147723334fdbf2a1ee6aa180aa11855844e95a12
34cbdb0edc54cf2805639d0cf92cebcaab5547ad1e50bcf28c783e8357ed5996
ca708df5e04a0926e6bc5eb359b2f33fa707e7de7b193da7f76d0129684a8938
cd86f7d0d58609ea229eaf10dfd38787d9074834579f32766222b7bfaa22b353
04d4d2a9cf74cd8eaa65b12df6db0dedff0310f73556f05a643e11931f66f4cb
0b54673502863ef955bf2d304296f146a3855906e7576e229dd926dcc59ef521
d6f3428e1c3a034955d606b81cc50fca54b2aeed53614d48ccc14c49de44bef4
efc359bfca5a0897ba12bf26618a697c44b5855338e5e46b1eb3cf0a4d0d979f
d5221874db66d167e56b0cc9d580a986f1fedb7c1097c04b6dffa19bac62e4d2
f94476af32eaf251ffe445cdd80b0f8bdb817a4c5e55a4a68d08004a3d2edb90
1ab4ca741007c31b959c82b45928f51e645a30db29b2a15a5762972b53bfb1c7
84c9fd84f53611c7f7b093190d45d4d60b23e76f9a605386399d9b0339b1142c
f1b4ace66f9df3cbad5a1dbb933e942975b6872a3aa5c4758ff75585612f0a35
a16af5d9977fb2beb4cd9b0cbf569b010bcb34cfccaa832a74479f40bfafd586
6c6bdc42a39f702a807f554a1950591b1ec2d134496c8c261a2a6a6efecdd95e
29d11944937f46f65222e6d3f0df3aa348b41ad1a9f9bca44ff98e05f31aeaba
39ab7d79e1d145daa393d12b9ebc5216a0d589f90c5c12d97c5f211e29e7fd98
5a3bd0df8c6b6c5c12dfab9c246067363bde38444668f6c87f3434b3e3b896e5
f9535fde07db618c39250766b72150592dcd0efb1de8ce6b6664049af052cb83
66af711224777890134965fb32178308fcf343addd7c190eeeaf2fac82dacc86
12ff0654517120eb83f5dccbea744d1b1f3e4c861342af54890eb8e0772f5f47
4748c4c6d6b77bd4af0a0648392ede33afd4c1cd62e7eb19306f6ea0394a8057
82e98a4076e73fe29456f7e780573bd9177f8657677dc927c7c8d2ed2580c2da
c1fd112ac73af23bed1e49897def7465755b0479c462af166fa9e36a335dff71
78867221b0f5ad81819006ce78d0370d746b6ca1853582311375dc1c7b28f73c
530ac85fcd9c409b73b94b71f5698beb114189cb325677cecd6027feb030f761
b0dd775977beb73dce1dcafbee99e708169005f70a894551ecce677bf136b8d2
c0c81be5ba2c4e5c8b462a9c533421fad42a6234423159f71c057e01d10265a8
a11da8a1dd66e9d017237f94a394c10f45c2a4e273f0ff0197124fad235a5076
06b06e05cac47eb802cd40783b3494c91ce8782a29deeabb294a751975eff73b
b85c096e5e7ee39beda08419347fea31ede3aa9c82637aa4460eb7c39ae0f75f
4c7ba4ca28e03c669594b3cb0e9ab3b26bcf121e20e085c79e26605a1c102090
930025f0cda29911c59af68adf63f3d281552f94469f9b6c116313bf57386227
360f6c5d1d3bf64b34d6463113a2f09145bead60bfa9283450dcc07eaf5ca34a
0bf9a7694f10d857ed4d53c9ee8c93979e0a98e74bd79f982fe9403fcadf6815
e878b2e48af5bcba743e783b983646582042e903200964d48bf878a45687469b
42d601baccf74b64bc0d5c7ea42af471929c4a505b21bd8e2dc5623dd5d01934
64ba1e6819b25826ae4c915382fc266e6bff02ee13d07897cc228ef13d6abb22
bf5ff032304a0cf43beceddbbf5e05c2df4af35849471bbef859742a5f251056
cf7b4879050891b054b6d6c1fbd9d2e1e19aea253bc7d012ef3a7deb263b37f9
6365015d677ddce7732eff85d490ead5af09962c6efdba0d4aa591f1879a0c50
67b2bc38e86ab14e18da3c4d57a9f8e3295338d4bc068244113029ae716abeb2
52854d558eeaaf99b6f6fa964ee1c3d13e53ce72efaa940a56f36324432121d9
204f8be43702b97dc00bed6052c44ee16111b73c33eb21e5e0c005801d1bc362
2a46b6a96ba616ede942b3a5dfa9396678a18eb31c1f7789ad666c69907745db
49f4fd558ebb66debd8011d1e792bc00d5d8ea8d7fc5b048a89e7e6dc7cd308a
b56451c51a2bae41f890aa717c547c2aa2a2dcadcaa38a202dca20385a94c1a3
99d216a4620850ffe97b358259581f6222d75ec274baea870281d4c4f7dfc4bc
3a75347c6f2ba1b39db57ca7390364d602523e0c5282ce3526237aca2a2054ec
1fb053de46d9e57ce8c5a3d8946d9e4db0772e78bb0f92c01826eb9b37ced3cb
f0d142caa7cc0ff9b234690c10f1c00da6ce4b27e09b96554d744f188a3e68bc
6aad12fb49743e5675ae595d84ee3b8fbc4e7ba61bd800ba98e3fecb51ac2195
ed9740ba73c592e9826afdd5c4008d79781ceac0e6776c4de96d2ebfe7db6e4c
25eacd45bd58ea2d9970d382ad7e88331de93c43fab688f0063b2d86f3ab115c
54ef3f7d2e255d871b5fd1040b2b14f6032e7acf31daeec837461afc654bd377
874c743844d6a798237d70e6aeea74cd6a879ccca82a4beca614749e94e1b012
6d209e6c301e08f33b3b6563f1f07c9983b39a6fd9d054353cb3467274da8a38
ac4e0ebf0120ca2e3a2573c1a6149d006f8ae6b9dcf667b70e0a8d30a0855169
5ec3a51fcba4a77e30cc85e9f32d4eef1d87e2b4efc91251f23a39542b9dd7e0
d6b6c942e7b823b18983316e7927d3709d1679a19204caeb3d8f1761a0a73287
e0059d1bc73996638b1189cb9ddc5b2077a473675f331e311edf37144f5124fd
c6601f4addcfc10232df863a382fecd77bd9e9d937c97bc5c9d8141a47cc1293
b33b354b82b252e578ae10b533aa2fb0d7a059903da3b14a3a8435157a2c4dbb
0a2c7c996768b5ec223c7587939de073701605b25b1d221e0d802fc3b4d1f289
3ece9610868e1a1c211ecc99216c5720aa91204e4ca0ea64edeb099f0764e702
0995a7f31d4541069d95edd2cc91901e8d57ac5315d52c9ec96b0eb307d15da5
b4f75b53052535c845e1a306f1fd9bb5483c75dfb06819a597571abcbc4dce3b
38f8a75c436b1f35f2f71e8408cda3d9561db571e0c790620a86ab28c0071c16
c8c1c948c5ba84e22babca52bf2438f44eaca736ac741f114f291dc6ac03a684
25123e0f99cd2ab26308132e3261ee6b7a367edae1149d8ae8db322f3ae6cd8d
a6f35456733c9127f853a73b3c5fc5c527a5246b2c315f81f3ce9d83683e0cce
ee424cc771a2ee8e6cfae0bba07df1861356b60ca8726c3304ff4dd882997645
c63b83410217846a5b083e8f33281ebd10d872482efdf632dd0b5569ee5c518a
fdc9dc47e21be5f450a238f264543481ca5ecf38f35f31874c4bc1aa53fdc2b5
63ea76a999a0b9e494f49c3c3d757ac817428cdc10b510bdb55bbbd5357833b8
d283af95b3a9104d880ffc8b0aa76d5f9b9149d1108aeb6ad8d07ae779d7b6d1
3867b6903322c4a5fbe4a1cc711a63bdc23d0cf54bc00abd55684bf565a21bc1
c376118d996ec03b1aac962ef32d5dbccfc4816de8fd63969680ab9275622b1e
7cb7568b1e45e198c43b84b030e071a9cd7e3d273403b0ebc00ec5da98ac088b
9e4ce5900764c92ecd3ec7d5b73f1437177eccf6b85098cdf0c3f47f92f1034f
97826b1e65ac672afc6f7d6f8f2d2f77de0e95430b9f7566f32c74d6718dd1a0
e54f1ab75d20ad81ef2a77fecc7829668bef7052080760f86a088ef722222873
368acafef43c09a8f486d264a6c028b9cb0a4052301faa3ba4ef6af5bbe8358f
7b033381174111a86fcaa6533a09d48cf9607a00731e876d4cad5728079e2c12
019694fd710b8e7720d4f483709cd74249c68228116a28efc2bb66ef4e5cd621
68b935dd4345babb0c0f05942b324613f84adce67406a2e6a1746ad9bf8152a7
d12e366424c8950cd0f7ae3fbab0561c862529a79f3b65b62e1bd404a97382d6
b2a19009e70e1a059f9cea8021c357dccd1488a082b2e4d05eb21430a4e893bc
e445e5d4d95eb07391bdff77d2a570f71c59f419b4af42c1bbe214f23c153bf6
d551e114a709a90d4b32db2321ebe3bdafcd138bd2f484fe380885ea6f8215e8
dc9d4f676fa57d998ad606692a9ffb0ca28189f9a1fa50a353381dc30528f2eb
7993f0b00572c9bac3575587ad4808e7391df8527825714b0f4572bb9c2233b4
c36d1818a2c445d77ae7e49e12c52bce3e3a9381ba6408e33b15c0f28f511c07
ef2eaf75d5c02bab4c8279534ae053d1b6e3ab952dc36765bdfdaadbdfce658e
d0032dea6c53777721f45b93abb0540a532561eed7a4ffe1f369ec4514b8f285
7c79ad9e48f302321d246806778ce3dc4cbbcec29d07c8fa3ceae9eb8495e8c4
dc4b1d52fbf92624c84eab18d0a4b68ede0a2e4ae15d2a23d83172b5de5a600c
0a644bff093c2bd065e98e7cdde071ae8554f7f65af2d8d0560dd5ae8660e76e
181bf1fb325db7e315a9a9b1733399331724cd4c396660e71bb9c40d42ea5f45
9c28d32bc60da1705fdfe9a6718c7c039423444d48b1a43162bd7b0688eb9211
59489691083eb8d550921ab880f6f5fa203c7e650a367f7151cf185c5f31749c
a44a751af45e9da8c1d7fd3709ac66a2e2c586e76189f5c107af64ec5b4265f8
ecfdbd1dfdae9fdc7a9f5875dc3f8a60ff452a2d245751406c10fcb3aac173c7
364871a77311ffa59f0a9db2821199dbb4e74940d53cad02a02f793b5990d37c
8d39eb008ca9b4ae80185544269811f359e01f39f9b824ffdbbfef2f2a59e9c8
4cd6fa4adc1e239dc64b31dce860dfeec0d52c2e84ce76eede98d7591e4ef594
3b8b622cd389adfeca46553e8dfb833cc38d6d30f7c2350b8ef73b5ff60c49ae
a06b6c562c0d6b9cd28d2a77cadd280f04db009aebd559e78c2dfaffbc5968c0
704fe283d5f0fc0f206da61d96931f01f1caa6d6cd4988db6c2feadc628750a0
e88c30c3d6dd0914780d5877cd8e0b44a8ac9ba7847450878ff837e092727048
675e458edcf270850ba58611695195bae4d3f58f125e640fe03d2159c72c86ec
42607d87e57b07cd1fcadd9f0fb6e033e59464fa100a297fc382c0900568e369
cd48686a252d4fa947d17e3936c3d180b2a95376c9011a04f2645390ea924c65
8ad0f64c0a440d6cc2a9852a86c508244f1cef98cfa5f419f4a47b89415bd588
52c059bbb5f86cef0f3d60f0bee93fe2c3e0d2ebaa20aface4e7e20681714cce
b919697cbe890bd8f1fd6ce61c1093b5ea0fe45092f10e8a87a4a01fc7dfffa4
238edef67399a2be716f0a00e1ceccfb5979416c1d46cb534edd783fe7026c5f
d8ac5a7921bcdebc2369dfe67558c8a6b4a57db1d18203645daa8e2498db27e8
0b034d50d482addc1603b783fa92f66bb32c84895d53b2e51e95597070f71aa1
20d848a126f246f1caf524675de191057f29cd4eaf954e1281d4abdc3d5b23d0
0f6edd8645a8166e04c665856b0e80b678d3adf8a21fb5a6f0aa5626c5b00d73
71d85a4c1c1ceb23487aee5628688bc7b8648280e49bca2d9faaea716fd08a43
383c5014eaa53610d707f804c62d8bd7ca6f4beb6454da2c91fbb017eea2c752
4e79ee84fe7b99b41ed6ef4dbb319aa7d61eb7d1c10ffedabfdc3bd81696736a
0caabd7ac524e053f6600c82147921cb90dd8694dbe2142824b76f3875594ca0
cb565952aabdc9fae0d9e5f80ba69f5587f87e1745f581f39d48889c606e6931
1068e97dd0cc92df82227e4927fd225fe319f2d2ed2e3b00c05138534ed57c09
793c43dfb8a0583be6aa44b0801d2ec4e0018fadbeaac2630d5d81dfd515bd31
b8dc2a1223217f16e58a7213a7c12f3b888ba5d0fc3a8f2cfacd424c18e9bdd3
5759b94f6590d487510e596a0c85fdfff682894cd7c5412e8d3a95e0feebe5c2
9a9e84f598d5514857dcc7d2c486600851fe4a1bef98930310ab4ad51e214f9f
628d0799be5a7c57e873bafd86999a8b5e6f539670f83ed62e3c5d874e99f1ed
72bc5443c0675e2ad0e6470272cc1d91c1a9e1a78429658ad115aad773551f36
e8d433d977a1fcef7ff092447334553b1b38921678412b178a403f7305ac7d98
d84c85defbf0f7b460a25a9df702b5cf03070e828c4f455fb1432065f42f2d92
96d4614c0092431c5f755fafd54dd2fd2c1f1df4773d98c07e8a754879e0b56e
024f0f2b7ea8a75dfeb5a1217c4333390b3a386ee36c3e7bdac1009613f396f5
1c35827999643d5ec4cf452b3941d356762c9e204f84563b7998115f68346f67
2d8b50ea52dce2c9c2126c71374dfff1935dcd10cf02182f303db5700ac145f1
15c80f9d62328508417f86811dba747efeb75e680d5a6f3cd6b21cbe78085e80
dacac68202237c65368d0b3433d81a88496afa82fc2359ce93f8cf5a5d32fdac
095c1a8e911840b9dc3f85be691ae11f8ee88c22af1521ae3257e3707806eee7
9389aa0205818077a442bb12637ea80540e76223b9117b4d47896bd37241be52
b7c2fb12da3e2e5b702cc6d30b4f6a9c80c5f0f0523af9e8badabf5922210143
9447faaa1c3077e8a9b2d278a52f9f3771c730d519c0df6430ff436f8adb07a8
60f20c552102e3fd2c18be1a4dd78527e11ca8abff14cbf21f4155ffbaef9e24
cef4c4f1b6eb8f1b1e77ee065651af850f46e73d84b23a36ceaf16650c737f2e
b162a50a3e1ce6e815d4f159c13dd9bac47225aaeb799f1b0c6b31c6c190d95d
bd63b4fa7a393e69679bdc95634da6e8450304160b958f382bc8e28cbbc0dff0
388528e998fff2c1aa3db62e7ec9bead0ceb30d0dde607fb77caa6767e34cd13
f6492751398f22c5d603af74f3f86376370b68aec9fab98318b04ddd08be4d76
860178f729593da801e4fb90f3eca9338e174eeef8c49f2c236a96cf35257ce1
d4a42e23df29cc69f35acef72cf5e2ddd9275fd0ebbffc9272bf469d2f3463eb
f9c92c808078877361e4d0f5b655abc34e5d488c90d8d6da39f671cc642d1e8f
96f739cff14ec3202c68ae1a4e577b280f63ae4f4f5fb384774642df3dc39be5
7cd32830baecd041b1450c078ef56e5ff55537c11dba2d68428f862f0cacba8e
20b43bd978c23cb95f2c6b6a7da733b6b9ea77adf82cc658bf9b94147fe09514
19c5c9cfa2dde32f29fc0c389147aff83ad1963bb1f1d4559bedacc77faa2f16
d07aa0d0027eda574fb243d44dfa2c8c40145881c73066b8d0c56f0094bffa79
fdeef99b6e22fa33a595cb7bdf98fa6e368195b736f944c702db869ab20e2347
3085616ef64a774b34dc4cd5a994838d30463cb52eb83ac9353aced48f0c8659
f63c33d43d94df043ee9d7659a9c57a06ec89aa37a4a3f551f93a991eb3503d7
bfcc2446c986d9ccd830c1b0b0fe8e6937e133b229d4f9ef17b75ffebf1b7a0c
d0f6ba29f70efcb43e55c40b746bc4acc844c3fb46fe7ad5aa795be607a5ce01
796446e98208957cd75329d9d57688b23a63fc86d4f92faeb4da84ac0af553bf
282d493adb5a8bfa93fac2d840d81cc24493fe85b017b041048ddf8149f454e5
79272eec1d67570d4e3494651dc7e0dfc7001ddb2fcb06dbc290edf321bf00c4
20d2ce172098ed089916d34a5889e70d7db1c8d11408473549fae03ff7c12f8e
304e7e0301506896c0c4775d4e97e30132d252d6279e479fc077fe7cff681e02
956762ec7a3e1c04834a6fa1896d5d2befd9747fc5a0aabb19ff3d186503ccec
c96c732ddb5429b8885828eff4444f232b72778b9d5b311f8e273fdb2e17de1c
69593432d478edea1bceab71c465a9ff24a962e56039243e708f34cce98120db
3f371a462b4c08bd1f436790fa9e177071e3fa8d8e7d947e7a3516a086b9befe
9b2d9b4e32faf9604aaa2c82ae234e3f6b88f70e59b4a79ede367dcce5e666c8
3bf9da994f091fa77a0f0b79ae981f23bace5ad42e5ce11205936bf1aca84e42
74960386ae0559cf42ee815a389f03ab58c8f81cff9450d4fc61ec6a53be1bcb
c213d815a76af5b6aefa45840523f678141c4059934fbadedd53d5221987de98
700a5f5bfec80eb174be966f01b54508aeaa00e1513c79eeac1d1862d5042e3d
ccd728564ce814f58c05971e4a06fbac20d43021490d831768a4637488bfa6e4
9e468c107974b922e851af672583e56652f4bb681dcfae4e4b3d0f84d0c73dc9
3875e7febb380124168947896689691d83d0e9adbc0290e3afc615cc345b8057
412f8b24c4d5bc4a35d68d79975f7bba95c05f1240f986169001c3fe8deaed44
69a596d448ec7e95a33b31871bcc0013e67f0ea39bf56f8551fdaa5725e2dc77
2bf1d4a29fa24e0290c28c178662f30fba4319d0675a89e3d74c6d300277ae78
649736e4ce1c3781f6f6343c7d45d27b7a73a369468a9f19760aefe6478a67d9
9472294a36bb0f178bdf14d3be30456197fde5006034359e4c126f749f2373dc
35cc838f707fed990f2043cd54b7f5c2f82900e90b17db1bae12f63cf547af9a
82d3f8713d8a8aafb5de4351ecaecc1494294add3ea36163e71b026feb88b869
2f0480dc07756a649237d83cc074a1f701b495166896fd0f7594e2619406bb77
1165df41edba9bfbcd32640755fc0037dcb0ad0e3b10694ca05e15757d712cab
d7023e7bcfabcb45391d5c940593be589a7fd86ad75eff72d4cd32e27cb83443
b3c0196f38cf3531f7bcaae7d784e00882e652bbf1ef90eede7643a724c82e3f
a78046f1a625db89376a1b1059980a20d557fc469e8b5192c91a7ba2d9336b81
783d69cda46987a2a7fc98c5c7efcee7072f3df3a377762c379c237c9595fdca
ba6c4a50b4482397bde71df8c012f189debf4f19dbfe9886eb820218751eceb6
e15062c15726017c32d1ab8be8c8a573810f96a454becb86a37195826891dc74
6df6880e387f79d7671d89a5ec84caee4616dbd3ff72b560d523ba41bd26ae52
20512327c80ecb30051c8a3f31361fdaf3605be345d18599e3447cf060be3c66
59dd4f5f6a3642cba424358ed5496bd15b1e1dce90cf0cd50dac075bcc9ac697
6c93bd1d0e76f04dbe570a7ca151b153a2fa0d8c7ca0ca84dba07f0052a77906
1037876fbff2acc4672768fde3c2fc6fe461101ed9ba596846ad2e7fb09dd292
ddaeac55938822a793495d5f8e7fbc1afdd51daef32fd07af0d6b0c549757c0d
28e8a55b8aa168a30128e22d27f03ce207b0130e7b27ce722c8b72389c65bf1e
35b40c3043114ab99aa21d171d4dde355dd1af3dd6efef9e8a45a3f8b8b018f6
4701f52e3997711fa8d5cd0c1f2efe1b0cfb92922d50257d63ef56ec555c434a
112481f04955e9e6c4eb525fa2f44a910f116e4915e2853ca1a8554f5fd838db
a5ff976e385081e31118d7a6fd0bc765489e14af72edf7f2a7e3c9934c602a8b
fb6d59afc210075df224efe17d68e829ad6603ad0c119a00c5aa796056ee5a51
8366c42ef27dd7c95477c52c84017f8a960c6ebc365c870c15bf4fab6de3e3dc
7b8020bfd04cf558222c3aadc4425744feee70163fa538cd6217ececb967e470
cc417dd190b1ecd2b0726562c2c63e0801d37f12e274f588c8d6e48cedd3db8f
a072692b6fa436d469a1ca9043e37a728594b07b9e8b18f39365f02ef0396e76
d1c4d1e55efeb0108a624a3442333015dc38af2dfed74809f0b95498355e2387
52252699e5529c55dd98a3290bd2683abd2f4f2116f0fcf18e42e950771ecb6a
8820372154b0ee008c829458c48b7e75465434f437420956f9f583b9fba3f17d
12a8f8670bc47be11c1e4df60880a92a3aa1eaae357ba95eba76bcb6dda39d58
d90762d6e42168b7bc1cae6fd261d52de56f3b49f621cc30b9e9cabf68369cbc
e21fe2263f599b36c2313932c9112c9fb9b5ff0dbfe2d7df66837c6e1e46fde7
429cfc4992e537f7989b9afe05c329c5bdf0bc9baad64d5dd2fc82de73726055
ce7decb0fd67e2fc0e2f02249fa2d67a371b08dccdc4869c55918cad63068292
cda3c137cc6d9ec679d3f9d285d88e1368da30c29680c3fe617f89ada90d1c0b
7082cb791290049b5582c7aa7ebee208be316db69b01a5801ac18217f119cbde
5f66eba60d236262ae32108d6888d9ff93e2b3a7d0ab94b26a0e41e0a7fdd4ee
f3879d4b8bc226909aa1f9f3ce660c638894086cfc8fb9911a32bfcb3ab7fa4d
d9017d1f1510f8ae8e005a503a96a4926b6efdb50e3c6a768af02dbfaab009e6
91cf2c1783a567513313bb1b5699ccce90445b97eaf7f4408a27c8833bb981af
e212fa0dca9dac4ca5234968252b8edcdbc8aa0e1d0c05c70726b703ea87ee81
eec59054ab77ccb89c64b0c9758f3ca6edaf90979dc16d68968d66464b8a24b7
28b7b7e12fa26d5bc217c646475a2eaae0a84559fb00c52f16c349e8ee238c42
160bc435576f62d2437543d37a21652f8452106c7d0ec871153187e41c762ca9
ae004039e75d3a06e3e7387182594542c47f4ab97dfdd5bba916e5e70ceedd2d
4384ec661f3fb5aabbfad247db8e4c0db566ec4481740d66576e24d21cff26e0
416fa3254790dfb5364d319a201910fcabfa9a655700ad247dddd20127820314
76636b479bcae470d8bb54fc52ae12f69a66f70d3edb8873f4596f693fa9b8b7
16b78cb7ba8e3bac8e3546526f54cc7d02c3c850eb9ad540f7364d7e94edbe53
f83ab4c41e3d501266be5442a7b5dbf66c1d2752b57a79dfa7914f85abfeb340
cb293e64e27af7c44745c6b52dabfcbfdd80b2719e91c383a10d4c3ac8a2ceac
8c4d00205c4f80e749158ccfd8424353844c1a61bdab4c1b1a9faa4b338015a0
af4f4ad3eeea2804111d1b5b6c04fe3607e93015bc4d9b324a605877c17aad43
e5626155ddd2d979aa8a9088878588de81b8be1611bb8e9c75e63805d4e9cd91
9c0e21a08d059a1ecba07bc26c062bd2cad5e1b17fb37f4a4db76c5303547cd3
1a756df08386ee0baffbca9e6c7cdd1a27c6b188c564c65e8f96574113aecddb
d210505b6db0fe8ff18118634894f05f435f1bf79e2ace5c819047811ca943cf
cb20050f44bf2f23b2b02f832b88e924a3517a90bee2bb793b9110a2a7f71dfc
03a85c75e709829bdfd386a85fe38354ea33032d5f12da23b1aa6a47f8450a6d
4f8fc2979265d9f2125d4d8fd81372f55c95f37bf39179363307a0f9a8c43c0f
425782a88fb88a773e8ed0ecc11b52473c34dc1b508c5c93894b76b7940116de
844806a36fe38616469ef11a0a2967b9289b0a0cc59492e3b0cc78cd5a0ef90c
f950942bb9ab1f95af8c5aae531520e4825f50608257ad6ab28c8af77f81911e
55b11e96a756e69150dd76f28df117a9e7b6bbd68d5caa701522bd3e3c224fd4
c2a8521f85dc076376fad37382eb1aabbb89cc5c0ec53344e9f8f21478e8553e
20ad4f4a77b63c8402ef5c70bebf2b7891c5197ada809fa68603024dfc2dd9f6
f80df0fb8a763dd0af4373295dd8eaf744e32a44cbefb8c4798700a090c644b6
95c6017d26f6dc674e59a45fbf7bacd7f4c4193fdb404dd27d7777eb6b1f79b8
a97f6db08138cf4abc9c39063cbcac0bc2424ae23f04b6fbb18d6da12baa92a1
03204d2e8053759c6ae33f60cbe89648cd685d763c4cd5cead5fae9b9ec196c1
6b6b1ca86839df47ecb1cf1e15d6b42a053c673f9773316883996b70d035adb6
ea66b08219286a41444e4c9c42d31e247efad1edcb47439f899318322964e73e
8ee2372e9842a42a909e8187d0b7cb592685a8e2c36cbf68fbc9f90d0158b916
a2ba47fcdbc352af5e4370d7ab5b408aea7c936454708826dd7e03b07c228d6f
3d71ec5768b582a87b7abbb127d6412879b07644771822213f514f7c4e72aa67
35ecf4b7738727513064af58303b330c1765f6e46683556f84619e1609d7ed62
09ae133989d87a43c238430d3276584f3da8be570ae2c3e529f8cadf2930cfc1
5414546c8be74206bc4c6b704637ff44f72308a85a37a8dd105450bb4e5063ff
4ecb6289b3717949f9254415190febd4dae251a09821da8a3aae26c8ceeef0ba
e303c560a40bf4805981bf7fcc5ad5fcc21745d9a3e92a5ee6701e23bd518ecb
800061ff1792372f218554fbc0b980de3e4e3a8f2ecb9f4829454d2d16b70d2f
c86e02b4910a3fe9160502857a7d31a2d2465a42803243823b6b9367fcf04a60
21b620fd5bf2b01309eebc1e52b89b9141812c7d2ed1e7005a6d033e80a49e01
e2329b4beb04b28f8e653d117e625d4939646082f41aefcbd57a666009d07dc1
fba165d0884dbea61ffa9fa0959ced1741f0102b65901eda70292d146ca58453
d7afd954030b92e6ee51480fb7841a05e8fd27d5114a3d66ef2bb44f9931b7de
daa824b042eba020ff9d760dc0cb598a2f6e982ddccd29c9602f8a8afc7f7c0a
8a85c96bb73c0eb4722704b5145efeb945f98115549eb1d8ad770cc91a2bb7da
78b9f063d2d12abca335ed436cb08a899647c5541841b4735b6215b8acba9315
19a20ad228ba9726fe257e3c9c7fed2317f3a25396f792508e969529f44adc2e
93d5473f116aa3711737ecab95fcd8dc624daf4fdea6f0e3ac381c2aa65ea387
545d06709b834e965c75431b54fa48dd0cb2d8c1ddaa2c917c9921954ea0aba2
73cdd381d1fbcfec34812fffc52b9935c721f4986da653bfe0cd819178768bb3
75bfc70fa21f9b9720a9062b6d518ac7988052f8422f0ea36b7a0f2d38aa7354
d39929565a58f2fbcdb3089ae26bc8f16217fe8ad736d0bd94ed348538b4c732
34925918c25ede8d7a1d1c9396325120489f201054874e5529a57444f9ab304a
de3acae1cadb00e102412437d3b300e05bf553fba59fd3215e6aa841ef36a276
395b4cf6160a82dbe4e0bc54566ce376dc18a193142a2282eaab849878873010
2227f2c8dbbf5715f83a32da55e6505dea154def18ea9ddc861c4dfa94df5da7
ed6618515b2339ca635dc9b97d0776eb07875d7a5459ba69d8d4b46b151a6ee5
ff3b602a1d425017f1b9cf02009463510d4c7335c2bdc964b7dc05b497c380d2
f1286016ee66b5af2d21a6cd29b9a455379ff788dd4a24b544e207b3d50c86fe
285a06d03f6220ea497a5fd2536a2862e54cde07a699c0ee701cae10648e334f
828057dc5cd59224735c27331e6ca5c3219329d5e7eb3c43497d5c58e42a4fee
527318a4b57d95d881e3ba5076a244faa8d12d8e8bf5de432bda7eed7bc50970
0bd41c58a3e6d79094c8b5601eff6a008e73dd07135032a6ffdec281c438bca6
49414779b393e313d4fb6dbe3a43fb13818b10f5d404c7e5bf6cc21527f58c1c
095c162e5d12b3aff570003305f7c8d3af4e212116ebf217464a1f6cb3629560
43fc4306a98511134156fbdf0da6611a0104388166ba6dfae58dbb76ac16140c
0d6adc3bd92bc4b70ed62d7d2814d42f449278b7de7f55ab304a6a5114a1e096
438ea829751e3b6acf672444b212e031e89bf102449bcf0a62dcb400ffc3791b
2f3e783fe7700f93b25cbd6b8780d614c2d0cd6ebb2d783e698bf90740eb7a66
54c3303a2918d668a5fc461ad2b9677ba5581ebde2d72fbcfce74df3447c6a52
4eb40fc58a19dc427096b20bf76da253c954cd8a45463c12efaa25f168d95b7e
3a5d8e3a426d100c51d5b34514db010c0fcd02bdeacc1c3ffedf941ec47e30e0
59f8460a1b7e5b390c1dc4c9feead1904c9b6ef746b71fef62447e4c3228a837
5b149d2911fd9ba8ad3e2dd992462293d32a0ea339fc9118f2a56082ce780eac
66c635fba0a6367967c5d2865e1b3ed37ab9afbbab42ec8edbd47b34a5df9574
4a3768d79ea21ca59c34e402b3f74c95e55ad0b4ad171460a06f84c35fe12c51
63ebd6496bd902672f93efb5e093a08fae5312942750ea861a9158bc48b17370
8aa9211f09991962fe684be5fa09d23cd5881380a5457e5cd3e4d1e772585c62
6f8e168ec84441e3e792df6c465553dffb4c3384413db92aeeab366db4196004
abfb863125d8fbf0e09f728b24e03ea6f2f7300f75bfa105922d8d52bb1b1159
e674ff46b47a898a16a8696e2b0f4c161fc7a4d7e9fea66275d2393d0826a439
0d156e9543bfb41ba2e658ca477c2acbe63f2d9c32865c3b8fbc85eedf188988
9dc93a1127b8abc5d0d08042464e53fc41f80f9dc6898fd78cfa32652d52246a
672917bdf626b2810272a60ae32412a61e8c44aa264194f08f937caf99000806
227b87d32cce18e4c6cb9b1bd88ba4bcffdbd05d9e22771726bf5e843e872536
12be82019e85175085c419cff5ef60826eaa8c4f2dabcf5fa4299878b7fa6c68
b0b0ec945df04294afc3f6364ba2319dc727df60b47e68bfb5698947f2e7550d
cb9240657a06068e6e93ddee2aceb577208605c4c71418dd4dc7167420247ee8
51c063594d0096b3d3aa2d50b12dd3cb1577ef47b31ee5fa3b56cb0089ea2c67
c9a2dc84f89e117410b944fbb4c4fb4080b62abffa3f0f3428e2f505c86287c3
57b36608fdb8e0a15df7ed34b6a1f66a2f347caa03db93a177bc0aebbd266848
7ab49f591732b4ee4a8ff92ba624ababef32a4843f9769c1e8c62d5cc56d21f4
9ef236c68bad0a29432c3a382a810b41dea4834af6a1e38a7720c966f61a9af3
b8a3249af8c43a127b5972318c62b6070ca81cf20543cc1e34f119de9f5873d8
b00b19f8073a5d1ac32d241c29725c44d503fcb2514f045c03f402c1b1201168
5539c59c8846c0ccf535c3ff0a245ac6ea39edaeabfd3b662bdda7c3b625b095
a02d96a1c0ba61e9f299bdbe58ed0bc73d4c5999c8cb3f6ee2e2201d7661515d
1cb6425cba089fa595600b152564b5f4e918598870739f6d569d4d56479d485f
a75a77c35063a255af2770de9dfb47c09eb7f3f13a4162dcf9f641381e7ac5e9
0322a8e7e300df87c8449f3ebd3d88af410a305d20a3dadcfd94c7525539c6af
5fa00eb6149c4401e9ac3430a0a4ed7dc594e934d1742c8f89aa474c8b6f8f36
12d81575dd268e268b1e769fde661455c307b1c165883e09011ba9084e63491a
b42af59e9c5e42daf5b6fde36bb26cc21a925fd26985944912a0b4cf562c18e8
26b04244f6316f5f959ea5529fb01fcde8e8baad39108d8e7919f5bc631a2135
db5ed6da70efcebe44ab4b13ddf8e7922b1d6cb74a57471f3c5a2207d24ba1ff
2ac6fda8494239e9c43590b7e3f28825cd46274f0b6ece0420494485ae1ccd58
163983ecf97cd84c457113473ab72c04e4e93207070020168f5131099da213df
c16ba59afe2d3201e573db703640281d497fc225d1e669da081e1b6a4155fc52
6addbb5aa05b430ee30c0eec609501b5d9ef4c606bef3210f840d7eed338a613
0ac6b6c24744875e29d434ba31ba68210bf4b6960153997f387699fd49fe0477
2808dd170a14f63cd45ce2ab17d2455a177b588686fb7a60bcf83f83b75f5015
64017ecbc9a7813e3cfb4c79f4d3144bdc53ee12ec01a8a0c5b0380321c17910
9572136a5745ffbf59014117a530833f30fbefe6b90b443f361867506e132da8
c963d15a59db3c6e87af2dc6f452ce025b9e8f6c33e551853d918b7c6715dc6a
b5d586484f510ef9cda2c326de0febd9940c1c9792d90b828bd4cde893e3e4b5
831c85ddf826b986122ee8c0e238d1ecdf61ed5b503c4b8600fe4dd4e5a9a48d
0c57b0f93558bbedddc5dee010f7a32be1fd4fbc154f1b33b7650e67bfa31496
1f206d9d75e8c2d684192d79fcf3204aca4a74cc40553cc2cdde0018a3f09364
2a11192a1d6bbc471f8ee89985ff386d887cd2e5325ecd0c9f8f92f5a1b1d2fb
2eeec6ce270ceca68db73b3e3884af769ae2c3c59150040d6b8893d8d2a86000
36874af6dbf88bc5e847c4186f86b268d88e03af63d908d86c24a7356ba8c93e
e6c2b91766d21e9b7049407f0c332708bbf943c4dcce1e32bfa09361ade1750e
d1ac70500882102fb0d65f9a8e0b57d5cc082f4c4ac362dfa0fde8cc86468f31
09e0feaaa22df035a58400f8d0f022c3a903da736c6eda347add4b453674872d
4cc1a3b433708b727008b0a022782692c8ad7f7a6318f076ec3ccc12ec336649
f725595c4e3a790ece78e2b1bcada56e7f7f972b1aa17a3bde9a34f2e9ef1970
1d719dec43c724e2fed76aa6f4b8789e6f49f15ba14004ef39fe823e17c612b3
7d3ed874e5ff86f74fbb4dc154677848aa118f4b0c629fc990bcf7a3ca8a05dd
ab07d4a773f385e30ecc6496cc683bf8383b6719a86b7d6912fa3a8d89ccdc3a
c0f41813f1489dbb27a5155d0e25408fd1dd2d235c0eadcac8b5b30c05932bd1
5079eda75adc9c51e68f888de73c6d0b932d1ddf40f86b624e0c052564c11875
a3d774c866cfefbf67b86bc103bdc2acafed0d27ac20115fd92b64464fb06ce5
345ff6b51335fd10ea246d2c4da951835c545ec6ccc88af21313c88438a435ea
869ab72d5ce84e162d5805c31af4fd8e6b43845ea1fea8726d2cb45211eac694
5f17b5b848a39890ae4c25dc2681fa536273eff94c6b714054f1703eb687e783
9cbcb2afe00012139dbd095242279199cdb98052824dc7c2f77bf7333cbf6ad9
2275113fe2eaad103187d33f3b461a2bc03f721f52e80275a8433b2bd02c993d
